function mpc = IEEE33BW

%% system MVA base
mpc.baseMVA = 100;
mpc.Vb=12.66;

mpc.branch= [33.0000000000000 + 0.00000000000000i,1.00000000000000 + 0.00000000000000i,0.0922000000000000 + 0.0470000000000000i;
            1.00000000000000 + 0.00000000000000i,2.00000000000000 + 0.00000000000000i,0.493000000000000 + 0.251100000000000i;
            2.00000000000000 + 0.00000000000000i,3.00000000000000 + 0.00000000000000i,0.366000000000000 + 0.186400000000000i;
            3.00000000000000 + 0.00000000000000i,4.00000000000000 + 0.00000000000000i,0.381100000000000 + 0.194100000000000i;
            4.00000000000000 + 0.00000000000000i,5.00000000000000 + 0.00000000000000i,0.819000000000000 + 0.707000000000000i;
            5.00000000000000 + 0.00000000000000i,6.00000000000000 + 0.00000000000000i,0.187200000000000 + 0.618800000000000i;
            6.00000000000000 + 0.00000000000000i,7.00000000000000 + 0.00000000000000i,0.711400000000000 + 0.235100000000000i;
            7.00000000000000 + 0.00000000000000i,8.00000000000000 + 0.00000000000000i,1.03000000000000 + 0.740000000000000i;
            8.00000000000000 + 0.00000000000000i,9.00000000000000 + 0.00000000000000i,1.04400000000000 + 0.740000000000000i;
            9.00000000000000 + 0.00000000000000i,10.0000000000000 + 0.00000000000000i,0.196600000000000 + 0.0650000000000000i;
            10.0000000000000 + 0.00000000000000i,11.0000000000000 + 0.00000000000000i,0.374400000000000 + 0.123800000000000i;
            11.0000000000000 + 0.00000000000000i,12.0000000000000 + 0.00000000000000i,1.46800000000000 + 1.15500000000000i;
            12.0000000000000 + 0.00000000000000i,13.0000000000000 + 0.00000000000000i,0.541600000000000 + 0.712900000000000i;
            13.0000000000000 + 0.00000000000000i,14.0000000000000 + 0.00000000000000i,0.591000000000000 + 0.526000000000000i;
            14.0000000000000 + 0.00000000000000i,15.0000000000000 + 0.00000000000000i,0.746300000000000 + 0.545000000000000i;
            15.0000000000000 + 0.00000000000000i,16.0000000000000 + 0.00000000000000i,1.28900000000000 + 1.72100000000000i;
            16.0000000000000 + 0.00000000000000i,17.0000000000000 + 0.00000000000000i,0.372000000000000 + 0.574000000000000i;
            1.00000000000000 + 0.00000000000000i,18.0000000000000 + 0.00000000000000i,0.164000000000000 + 0.156500000000000i;
            18.0000000000000 + 0.00000000000000i,19.0000000000000 + 0.00000000000000i,1.50420000000000 + 1.35540000000000i;
            19.0000000000000 + 0.00000000000000i,20.0000000000000 + 0.00000000000000i,0.409500000000000 + 0.478400000000000i;
            20.0000000000000 + 0.00000000000000i,21.0000000000000 + 0.00000000000000i,0.708900000000000 + 0.937300000000000i;
            2.00000000000000 + 0.00000000000000i,22.0000000000000 + 0.00000000000000i,0.451200000000000 + 0.308300000000000i;
            22.0000000000000 + 0.00000000000000i,23.0000000000000 + 0.00000000000000i,0.898000000000000 + 0.709100000000000i;
            23.0000000000000 + 0.00000000000000i,24.0000000000000 + 0.00000000000000i,0.896000000000000 + 0.701100000000000i;
            5.00000000000000 + 0.00000000000000i,25.0000000000000 + 0.00000000000000i,0.203000000000000 + 0.103400000000000i;
            25.0000000000000 + 0.00000000000000i,26.0000000000000 + 0.00000000000000i,0.284200000000000 + 0.144700000000000i;
            26.0000000000000 + 0.00000000000000i,27.0000000000000 + 0.00000000000000i,1.05900000000000 + 0.933700000000000i;
            27.0000000000000 + 0.00000000000000i,28.0000000000000 + 0.00000000000000i,0.804200000000000 + 0.700600000000000i;
            28.0000000000000 + 0.00000000000000i,29.0000000000000 + 0.00000000000000i,0.507500000000000 + 0.258500000000000i;
            29.0000000000000 + 0.00000000000000i,30.0000000000000 + 0.00000000000000i,0.974400000000000 + 0.963000000000000i;
            30.0000000000000 + 0.00000000000000i,31.0000000000000 + 0.00000000000000i,0.310500000000000 + 0.361900000000000i;
            31.0000000000000 + 0.00000000000000i,32.0000000000000 + 0.00000000000000i,0.341000000000000 + 0.536200000000000i];

mpc.branch1 = [  %% (r and x specified in ohms here, converted to p.u. below)
	1	2	0.0922	0.0470	0	0	0	0	0	0	1	-360	360;
	2	3	0.4930	0.2511	0	0	0	0	0	0	1	-360	360;
	3	4	0.3660	0.1864	0	0	0	0	0	0	1	-360	360;
	4	5	0.3811	0.1941	0	0	0	0	0	0	1	-360	360;
	5	6	0.8190	0.7070	0	0	0	0	0	0	1	-360	360;
	6	7	0.1872	0.6188	0	0	0	0	0	0	1	-360	360;
	7	8	0.7114	0.2351	0	0	0	0	0	0	1	-360	360;
	8	9	1.0300	0.7400	0	0	0	0	0	0	1	-360	360;
	9	10	1.0440	0.7400	0	0	0	0	0	0	1	-360	360;
	10	11	0.1966	0.0650	0	0	0	0	0	0	1	-360	360;
	11	12	0.3744	0.1238	0	0	0	0	0	0	1	-360	360;
	12	13	1.4680	1.1550	0	0	0	0	0	0	1	-360	360;
	13	14	0.5416	0.7129	0	0	0	0	0	0	1	-360	360;
	14	15	0.5910	0.5260	0	0	0	0	0	0	1	-360	360;
	15	16	0.7463	0.5450	0	0	0	0	0	0	1	-360	360;
	16	17	1.2890	1.7210	0	0	0	0	0	0	1	-360	360;
	17	18	0.7320	0.5740	0	0	0	0	0	0	1	-360	360;
	2	19	0.1640	0.1565	0	0	0	0	0	0	1	-360	360;
	19	20	1.5042	1.3554	0	0	0	0	0	0	1	-360	360;
	20	21	0.4095	0.4784	0	0	0	0	0	0	1	-360	360;
	21	22	0.7089	0.9373	0	0	0	0	0	0	1	-360	360;
	3	23	0.4512	0.3083	0	0	0	0	0	0	1	-360	360;
	23	24	0.8980	0.7091	0	0	0	0	0	0	1	-360	360;
	24	25	0.8960	0.7011	0	0	0	0	0	0	1	-360	360;
	6	26	0.2030	0.1034	0	0	0	0	0	0	1	-360	360;
	26	27	0.2842	0.1447	0	0	0	0	0	0	1	-360	360;
	27	28	1.0590	0.9337	0	0	0	0	0	0	1	-360	360;
	28	29	0.8042	0.7006	0	0	0	0	0	0	1	-360	360;
	29	30	0.5075	0.2585	0	0	0	0	0	0	1	-360	360;
	30	31	0.9744	0.9630	0	0	0	0	0	0	1	-360	360;
	31	32	0.3105	0.3619	0	0	0	0	0	0	1	-360	360;
	32	33	0.3410	0.5302	0	0	0	0	0	0	1	-360	360;
];  
